N=2
H_BAR=0.05357167
C1=0.35999100
C2=2.99991001
C3=-0.78571333
TIME=%s
20250919T212954Z
