schema: taucrystal/entangle/v1
id: entangle-20250914T193558Z-2
utc: 20250914T193558Z
hidden: 147a82cf81bfbf06c66f1927825d7aee1b143fd50d656f658deb14419f15f19c
angle: 2.09439
tau: 0.750004
