schema: taucrystal/entangle/v1
id: entangle-20250914T192811Z-2
utc: 20250914T192811Z
hidden: 1dde8a7786bf63d521f52978d2da43c424035f04f46664596e720c891a762b43
angle: 3.14159
tau: 7.04154e-12
