schema: taucrystal/omega/v1
id: omegav1-20250914T192829Z
utc: 20250914T192829Z
thermal: 0.998001
quantum: 0.998001
gravitational: 0.998001
status: 1
