MOD=v_frontal
SRC=analysis/morpho/input/v_frontal.20250919T202911Z.bin
SHA256=1379e6191c34ab49fcca8e1fa5c680c23d0400fdfc436d38dc4e39f1e095c684
H=0.481091
EVEN=16.410000
ODD=17.700000
SPEC=0.2,1.22,2.31,0.26,0.29,0.53,1.72,0.74,0.02,2.03,1.43,0.32,1.66,1.99,1.29,1.95,0.62,0.05,0.01,0.03,0.02,0.68,1.1,0.57,2.21,0.79,0.58,2.42,2.25,1.5,1.99,1.33
TIME=20250919T202912Z
