schema: taucrystal/entangle/v1
id: entangle-20250914T193419Z-2
utc: 20250914T193419Z
hidden: 7c426f59344301dff2d67d6d86e83eb00b79ce4e2d78d286f8b038f773e2bb42
angle: 2.09439
tau: 0.750004
