schema: taucrystal/entangle/v1
id: entangle-20250914T192821Z-2
utc: 20250914T192821Z
hidden: 9febeb56df7f84b0a22d6dab435010631dc85934558d2ead8fe17d7dd9bf178f
angle: 3.14159
tau: 7.04154e-12
