MOD=v_frontal
SRC=analysis/morpho/input/landmarks_clean.csv
SHA256=c792159d9ac025f5273ef0a371d5a8bd49733bb7b9f473927e2e0c12b286c814
H=0.541903
EVEN=22.890000
ODD=19.350000
SPEC=2,1.47,0.22,1.58,1.55,1.93,0.38,2.46,0.4,0.63,2.41,1.64,1.14,2.14,1.69,1.9,0.74,1.16,0.6,1.84,1.86,2.45,1.16,1.47,1.27,0.47,0.13,0.19,1.79,1.35,2.01,0.21
TIME=20250919T212147Z
