N=2
H_BAR=0.34788239
C1=17.17249100
C2=14.74991001
C3=-0.60847044
TIME=%s
20250919T213155Z
