N=2
H_BAR=0.32452317
C1=23.24999100
C2=22.34991001
C3=-0.70190651
TIME=%s
20250919T211528Z
