BEST_S_MICRO=242000
BEST_T_MICRO=-140000
BEST_D_MICRO=5263
BEST_S_DEC=0.242000
BEST_T_DEC=-0.140000
BEST_mA=57284
BEST_mB=52021
BEST_nA=802
BEST_nB=7
