BEST_S_MICRO=294000
BEST_T_MICRO=-176000
BEST_D_MICRO=2
BEST_S_DEC=0.294000
BEST_T_DEC=-0.176000
BEST_mA=57284
BEST_mB=57282
BEST_nA=802
BEST_nB=7
